dim = 8
npar = 10
maxper = 12

np = 2000
ndiv = 8000
trans = 1750

t0 = 0.0
IC = { 1.0, 10, 5, 0.3, 0.4, 0.456, 0.6565, 10 }

p[0] = 0.03434 
p[1] = 0.5254345
p[2] = 120.312913
p[3] = 123.03232
p[4] = 10
p[5] = 1.3
p[6] = 3.56
p[7] = 10.1
p[8] = 47.3
p[9] = 100.3

bifmode = 1
bifpar = 0
biflimits =  { 0.01, 
               2.0, 
               500 }

nrms = 3
rms = { 1, 4, 6 }

nccalc = 5
nccalc_ = 3
ccalc_ = { 0, 3, 5 }
nccalc* = 2
ccalc* = { 2, 5 }
